435.841 587.522 0
602.539 801.704 0
861.563 954.019 0
444.217 553.301 0
796.042 796.519 0
88.9064 838.954 0
233.569 850.798 0
476.864 203.976 0
406.271 601.839 0
954.573 785.053 0
593.326 968.644 0
946.1 432.995 0
83.0742 601.487 0
861.254 754.12 0
247.619 698.637 0
963.227 965.824 0
125.872 536.987 0
563.237 20.7366 0
55.259 619.092 0
691.414 576.653 0
237.167 707.298 0
583.448 609.201 0
404.171 942.218 0
15.771 614.642 0
20.0806 62.8968 0
196.656 613.862 0
913.249 428.902 0
828.34 584.111 0
49.6047 40.6059 0
271.361 736.904 0
979.153 716.97 0
489.418 957.946 0
817.106 281.12 0
332.771 466.52 0
278.353 945.623 0
168.54 974.806 0
806.139 537.748 0
445.404 306.86 0
306.696 552.626 0
555.492 359.315 0
156.444 178.995 0
140.141 704.084 0
963.235 442.629 0
460.829 255.503 0
385.534 487.846 0
931.464 198.146 0
279.893 896.021 0
331.283 923.481 0
33.5356 889.86 0
511.528 60.4103 0
232.874 327.742 0
870.562 747.862 0
126.307 27.0835 0
25.7158 384.711 0
550.99 317.71 0
421.545 669.856 0
699.395 641.832 0
30.6059 881.315 0
486.626 987.924 0
547.886 870.165 0
764.19 227.841 0
489.34 885.471 0
908.764 483.318 0
195.225 821.483 0
171.854 111.942 0
599.164 587.5 0
132.524 507.626 0
327.208 868.8 0
267.929 788.352 0
792.919 136.517 0
156.993 187.479 0
186.101 903.489 0
745.996 818.744 0
672.67 141.516 0
795.061 496.701 0
298.827 796.84 0
91.6001 378.018 0
917.898 105.225 0
370.272 274.581 0
789.206 738.168 0
800.35 158.589 0
748.357 537.031 0
486.979 88.5907 0
148.737 95.1072 0
231.984 10.131 0
972.905 220.419 0
40.56 259.589 0
192.47 292.712 0
24.0393 509.808 0
316.686 311.822 0
494.944 163.27 0
525.118 681.256 0
835.669 882.708 0
775.205 181.054 0
109.477 27.3525 0
653.011 671.869 0
628.285 197.058 0
1.94865 712.335 0
730.64 446.995 0
580.371 933.465 0
377.453 863.505 0
258.125 251.372 0
659.297 693.415 0
700.979 439.308 0
801.207 327.664 0
755.117 581.702 0
168.354 774.785 0
607.71 673.196 0
569.788 359.946 0
505.772 795.094 0
692.786 475.055 0
615.258 416.034 0
433.068 854.106 0
226.997 149.199 0
326.41 615.676 0
756.359 997.073 0
175.187 551.629 0
207.262 753.08 0
127.313 986.134 0
245.176 595.849 0
368.488 322.474 0
618.453 808.454 0
284.623 905.817 0
347.487 932.543 0
942.046 733.577 0
923.029 410.17 0
153.759 230.999 0
476.331 253.181 0
232.085 588.069 0
439.629 819.344 0
959.404 382.332 0
659.332 989.174 0
475.22 422.92 0
734.709 76.166 0
844.594 856.238 0
10.2508 829.527 0
359.094 688.825 0
901.1 207.153 0
607.208 778.844 0
682.389 84.7105 0
840.931 757.357 0
449.959 883.516 0
725.65 402.263 0
882.698 149.994 0
429.87 229.253 0
980.879 821.977 0
578.122 545.104 0
541.69 818.375 0
509.211 164.053 0
875.589 251.226 0
101.219 820.45 0
485.894 5.4797 0
134.0 228.874 0
167.243 943.593 0
156.372 445.891 0
267.979 69.0196 0
476.475 711.843 0
456.946 809.262 0
217.245 20.1127 0
165.471 811.813 0
381.612 457.549 0
310.765 220.815 0
2.19756 25.8493 0
135.318 579.262 0
257.714 332.927 0
678.108 546.502 0
176.011 611.721 0
560.389 331.015 0
416.783 521.535 0
852.354 420.312 0
850.689 321.301 0
745.771 57.0821 0
104.725 588.78 0
64.3447 87.0233 0
417.205 194.188 0
884.474 559.131 0
868.707 180.065 0
262.003 425.604 0
669.764 662.314 0
420.178 34.4287 0
424.972 239.973 0
615.069 4.82106 0
967.473 235.618 0
180.64 963.276 0
153.897 253.897 0
138.308 544.775 0
23.8826 240.295 0
701.018 43.4543 0
951.537 792.325 0
190.116 9.77048 0
347.579 997.518 0
331.085 8.82753 0
547.387 204.852 0
776.794 291.288 0
756.586 917.899 0
172.306 772.747 0
85.7052 33.6732 0
904.883 126.216 0
87.5416 389.28 0
21.9732 102.51 0
417.302 581.199 0
205.641 477.219 0
486.743 625.481 0
372.177 77.9249 0
117.937 480.467 0
295.533 923.189 0
879.339 967.331 0
889.914 107.701 0
636.977 852.552 0
382.491 96.1738 0
134.598 416.191 0
759.957 814.02 0
44.5069 940.863 0
244.594 473.987 0
642.573 589.53 0
228.193 537.552 0
645.769 36.6176 0
881.955 436.361 0
680.574 156.194 0
811.997 466.21 0
963.481 584.969 0
312.678 611.344 0
853.959 621.638 0
518.363 989.629 0
272.482 202.425 0
762.214 751.456 0
648.783 603.79 0
783.667 742.083 0
399.475 192.268 0
32.4988 938.751 0
814.209 436.493 0
291.053 292.049 0
607.013 13.6116 0
92.7453 433.967 0
769.072 182.917 0
175.856 408.861 0
344.656 388.185 0
227.183 343.604 0
491.148 328.614 0
25.5217 669.796 0
789.06 180.381 0
980.725 735.09 0
58.1823 207.452 0
195.262 304.483 0
543.707 996.057 0
557.17 378.511 0
256.513 606.643 0
805.435 372.793 0
462.037 417.062 0
818.209 629.891 0
415.46 823.742 0
203.288 280.22 0
325.896 907.59 0
512.472 906.526 0
826.909 802.719 0
374.105 494.356 0
599.164 619.972 0
327.353 384.372 0
360.033 175.038 0
809.911 758.316 0
260.672 213.383 0
934.248 685.015 0
176.023 365.196 0
606.972 355.066 0
667.645 810.279 0
852.864 824.65 0
746.32 56.0444 0
93.5555 531.101 0
818.774 606.902 0
746.616 491.772 0
231.083 960.553 0
683.546 930.491 0
431.006 685.786 0
709.83 561.077 0
452.184 663.382 0
384.806 812.568 0
886.343 4.94442 0
52.5835 271.001 0
152.733 951.553 0
808.889 763.527 0
775.352 780.347 0
178.085 519.553 0
988.743 256.46 0
114.258 377.412 0
236.126 494.214 0
314.339 438.079 0
273.595 173.028 0
49.9968 742.733 0
6.42906 353.95 0
540.007 528.659 0
786.058 432.582 0
995.164 77.7478 0
509.984 834.341 0
890.36 307.257 0
304.468 535.688 0
473.917 22.3053 0
868.559 484.797 0
91.7265 661.356 0
616.789 748.507 0
414.131 748.199 0
236.206 683.44 0
974.766 171.802 0
732.088 320.501 0
334.192 594.83 0
561.254 14.0532 0
33.0116 545.758 0
451.636 797.971 0
197.287 1.98716 0
236.339 400.124 0
747.866 360.265 0
430.779 816.476 0
21.823 256.845 0
344.638 230.393 0
754.786 929.344 0
257.178 178.95 0
233.293 789.181 0
109.638 555.178 0
818.496 388.539 0
438.962 136.901 0
344.937 837.515 0
920.634 460.336 0
950.473 33.9817 0
123.803 911.149 0
826.839 234.883 0
967.716 166.523 0
763.859 558.636 0
477.087 834.773 0
189.042 621.271 0
500.418 885.256 0
807.777 879.354 0
6.13562 122.624 0
680.526 979.535 0
752.455 173.084 0
740.572 359.87 0
494.045 199.61 0
225.447 556.169 0
782.186 687.569 0
559.929 171.432 0
463.399 711.7 0
99.6077 192.347 0
257.615 814.539 0
42.8894 926.489 0
172.907 173.232 0
483.206 814.332 0
537.144 893.849 0
2.99018 973.272 0
286.889 436.077 0
34.4571 282.052 0
382.173 228.74 0
407.053 857.824 0
957.659 25.5349 0
534.254 449.898 0
891.084 771.611 0
609.907 714.945 0
800.506 368.529 0
6.5945 196.999 0
122.621 436.923 0
517.93 649.464 0
235.387 41.3129 0
603.56 723.736 0
910.373 948.618 0
498.328 926.571 0
548.665 952.849 0
779.11 99.0186 0
582.097 75.6071 0
214.744 82.1886 0
560.439 622.937 0
693.672 555.594 0
90.496 16.7955 0
760.5 411.841 0
626.521 526.724 0
995.853 234.577 0
918.947 876.684 0
989.579 47.3211 0
377.688 314.408 0
961.419 413.034 0
825.413 709.361 0
827.455 580.479 0
35.7801 990.366 0
620.154 281.819 0
109.524 120.779 0
738.931 820.767 0
274.222 258.428 0
82.5408 643.565 0
592.712 764.167 0
724.782 471.166 0
778.131 902.453 0
885.712 666.382 0
26.8873 163.883 0
741.314 972.935 0
165.76 712.313 0
256.231 126.549 0
927.385 899.534 0
524.925 53.7248 0
72.1925 423.799 0
367.23 863.354 0
349.224 799.328 0
127.116 42.9147 0
587.637 139.566 0
22.8315 355.085 0
